0.198582053
0.183205077
0.18383105
0.183603243
0.184384408
0.180367686
0.17588019
0.179730481
0.17969274
0.182113319
0.181326102
0.181019157
0.181538451
0.182414233
0.180255756
0.211231464
0.181038744
0.182682827
0.18115976
0.181955452
0.181515909
0.183883458
0.184216052
0.182944167
0.185123494
0.184743862
0.183484531
0.18083413
0.182555147
0.182628595
1.84576355
0.182077663
0.182059869
0.183935846
0.183352853
0.183704082
0.184263582
0.212326458
0.186708366
0.187093869
0.18929626
0.187028847
0.188157624
0.18992057
0.202519928
0.192737262
0.193858294
0.192215904
0.213083608
0.189306559
0.201284521
0.183994246
0.190735769
0.191070606
0.194449763
0.192993012
0.194465924
0.19578094
0.198790634
0.197359821
0.195167179
0.191631108
0.192528671
0.192086332
0.194889779
0.192569648
0.195334884
0.193700328
0.192864351
0.196137649
0.194211116
0.193165736
0.193238061
0.192141755
0.197765532
0.195421557
0.198006964
0.195815104
0.194704561
0.228104728
0.197150799
0.197669472
0.199493001
0.19658064
0.198078529
0.195606744
0.194116819
0.195681984
0.19461316
0.194785934
0.201551141
0.202549102
0.202154662
0.201252491
0.202782429
0.210436383
0.201084997
0.199523909
0.201538056
0.201588922
0.202060135
0.205587751
0.204987786
0.203251069
0.207612328
0.206872329
0.206073481
0.205353451
0.204933163
0.204460988
0.231415315
0.204772652
0.207103533
0.205867285
0.208134005
0.210307803
0.212720707
0.211861376
0.212187567
0.205303387
0.204878611
0.204913246
0.20842958
0.207905708
0.209068849
0.211980649
0.212916825
0.211282019
0.212460419
0.212494883
0.212972049
0.21073857
0.211606208
0.207379341
0.20792862
0.210388544
0.211643647
0.209796093
0.212250446
0.212287164
0.213273434
0.213096672
0.21490808
0.212714336
0.214254864
0.212383665
0.213743816
0.212254212
0.213556986
0.216589323
0.214900815
0.220983052
0.21720102
0.219356272
0.221473431
0.220540733
0.22262969
0.224886012
0.227015775
0.220034664
0.224346429
0.221673707
0.218772296
0.213561083
0.211550102
0.252134571
0.22715168
0.226130304
0.225650985
0.223602494
0.226054923
0.223018078
0.223416455
0.226571632
0.227389746
0.222526186
0.227639314
0.230303911
0.227466621
0.2265067
0.225847464
0.226941636
0.222570258
0.226364954
0.224720641
0.225585012
0.231521785
0.233056383
0.232953159
0.230067759
0.22958855
0.225838758
0.229211874
0.229515753
0.230218501
0.231945059
0.226250771
0.225945117
0.227184792
0.219237548
0.223433948
0.223529697
0.224751299
0.21972367
0.2231953
0.223351023
0.222280826
0.225260904
0.222610875
0.224113963
0.227386741
0.225430933
0.222929713
0.226427371
0.229084996
0.223874334
0.223179431
0.222186498
0.221576194
0.222332302
0.219670991
0.222238266
0.223825622
0.225793513
0.223945236
0.228537989
0.225261756
0.224060102
0.224172073
0.22548304
0.224882445
0.231534049
0.223985552
0.229662008
0.224600506
0.223585222
0.224384039
0.225185362
0.224266769
0.225401898
0.223268578
0.242300229
0.230322166
0.229780981
0.22852219
0.232633691
0.237397203
0.22676242
0.230364565
0.229861291
0.234623021
0.228723418
0.228180699
0.230482657
0.242097668
0.237780723
0.234123574
0.241529393
0.234967437
0.236656093
0.233739003
0.231010196
0.231022699
0.228203062
0.225400777
0.229440502
0.22877299
0.229337979
0.228225303
0.235270586
0.228434125
0.241451997
0.246441334
0.254919774
0.267421498
0.256204743
0.257665974
0.254981339
0.259044248
0.259643583
0.255916312
0.254674654
0.256803386
0.262805822
0.255496435
0.275148388
0.259058375
0.259231089
0.252829193
0.256217698
0.257512486
0.257645325
0.259064907
0.261369259
0.260798558
0.263274842
0.26681448
0.261677987
0.263159185
0.252678601
0.249171293
0.253128665
0.25515216
0.262441569
0.267050433
0.253763175
0.253643119
0.252767388
0.256539792
0.254989264
0.25838946
0.259359379
0.273131917
0.268327718
0.267420717
0.258665598
0.254701173
0.261698185
0.262171363
0.256318928
0.253711869
0.257798953
1.672859611
0.215265319
0.214090466
0.218886329
0.213350208
0.212342769
0.213141607
0.214104422
0.217301508
0.214486439
0.224471995
0.222411531
0.216819774
0.185522633
0.177962776
0.178839289
0.180943746
0.18664128
0.194194786
0.193896616
0.189440579
0.192024325
0.184824864
0.182869407
0.185667615
0.193737889
0.189640214
0.184351877
0.205157825
0.196587934
0.188137046
0.188173694
0.185304403
0.194437771
0.184664133
0.185081104
0.18425774
0.185189759
0.18839035
0.189681181
0.187819019
0.186815316
0.187669639
0.186969576
0.188493564
0.191913367
0.18693427
0.188958245
0.188322173
0.188839002
0.232934655
0.188926716
0.193187106
0.189248359
0.190330569
0.187962348
0.187142089
0.190999703
0.19115254
0.190451165
0.620967567
0.198571894
0.183960062
0.190178354
0.188959067
0.184108861
0.190868447
0.185317358
0.186661468
0.187341223
0.184233816
0.185427504
0.190632265
0.185576354
0.190110857
0.188821128
0.186124672
0.187241887
0.189125449
0.187027464
0.185860496
0.185993847
0.184802062
0.187917935
0.187666273
0.187737766
0.185698543
0.187379465
0.18670509
0.185745921
0.186829984
0.186248855
0.227399685
0.1848547
0.187007407
0.187817567
0.188814956
0.184822409
0.187047542
0.187962699
0.188388206
0.188182681
0.187473621
0.189443565
0.186409586
0.188591818
0.189954584
0.18994187
0.189561817
0.186883826
0.19098718
0.191384275
0.192213009
0.19017109
0.189649853
0.193906074
0.189475696
0.191690699
0.191820153
0.192300133
0.192155591
0.195138886
0.199386712
0.200748756
0.198268936
0.196270408
0.197590474
0.197166869
0.198271971
0.196285606
0.197444951
0.199215491
0.198508595
0.199286544
0.196780895
0.203275735
0.198319941
0.199304938
0.198065184
0.199659583
0.532618595
0.187684657
0.200349047
0.190780532
0.189630606
0.188488855
0.18886483
0.188402363
0.188995185
0.185823156
0.187674969
0.188755766
0.190522409
0.191184901
0.18991539
0.191641257
0.194430859
0.189548923
0.194353784
0.19108321
0.188131745
0.191150075
0.189216319
0.190930564
0.191416786
0.192141124
0.191799614
0.192874129
0.195803683
0.19282155
0.191591925
0.199067163
0.191967619
0.199432588
0.200886264
0.200457169
0.200720884
0.200384313
0.233969625
0.202396206
0.192976681
0.192521077
0.19386158
0.193803571
0.194324569
0.192681748
0.193004514
0.192276849
0.194347262
0.19451748
0.194643127
0.195792933
0.194889999
0.194728827
0.195337147
0.194453099
0.194085811
0.192936246
0.195258721
0.195839129
0.196451778
0.196611157
0.196694844
0.197969204
0.210731396
0.197314937
0.195660384
0.196405872
0.198155012
0.198169359
0.199568142
0.197280752
0.199221161
0.200208734
0.216546442
0.199508601
0.197464307
0.199474557
0.197459368
0.200448173
0.196225143
0.198070563
0.196497574
0.197957702
0.208997916
0.200056779
0.5467418
0.190402243
0.188586368
0.188400911
0.189373243
0.190665357
0.195864146
0.190502721
0.192482414
0.191172428
0.193840481
0.200554352
0.192641342
0.194000842
0.191186604
0.190348843
0.190026328
0.190810549
0.192832751
0.199285592
0.193316939
0.192478708
0.19377069
0.209529423
0.192695403
0.191984561
0.193155647
0.190509224
0.189973509
0.192936085
0.192952196
0.193211672
0.194927109
0.194545253
0.195558903
0.195861441
0.199725027
0.195699097
0.193395387
0.195534257
0.196114997
0.191841242
0.194219331
0.202810142
0.195409283
0.208886347
0.195394415
0.197298276
0.196835948
0.195170325
0.19450152
0.193633563
0.194571432
0.195753859
0.199803884
0.19600523
0.197015435
0.1957972
0.198608673
0.196951846
0.208291851
0.198947067
0.198173667
0.199324876
0.197122857
0.198568748
0.196881384
0.198084841
0.200577625
0.199178641
0.2008841
0.203288519
0.202012096
0.199308244
0.196000401
0.196526278
0.19752993
0.195016406
0.197039941
0.200930747
0.198270579
0.200072609
0.199374609
0.200496834
0.199187057
0.201016068
0.201023411
0.201687917
0.19951357
0.19976979
0.201537736
0.19766319
0.576423442
0.189703473
0.187106072
0.188146233
0.189923526
0.191995582
0.188615402
0.190067847
0.192623739
0.192042029
0.193318302
0.18996845
0.189254701
0.189695938
0.197707764
0.188636512
0.191429289
0.19613279
0.189454045
0.188700202
0.189677774
0.190702717
0.192697227
0.190633116
0.191596914
0.192452799
0.19302927
0.191390747
0.190019726
0.194809448